67.0 1705
41.0 1464
53.0 1523
63.0 2006
60.0 1624
102.0 2094
54.0 1736
234.0 10000
63.0 1289
74.0 1557
62.0 1687
45.0 1362
72.0 1945
50.0 1718
57.0 1830
108.0 2235
75.0 1878
57.0 1421
37.0 1275
42.0 1434
78.0 1972
57.0 1639
28.0 1054
49.0 1786
69.0 1454
82.0 2091
60.0 2002
95.0 2129
63.0 1651
55.0 1577
39.0 1544
119.0 2288
32.0 1125
86.0 2027
91.0 1931
82.0 1866
61.0 1386
88.0 1818
86.0 1996
98.0 2103
85.0 2047
51.0 1840
60.0 1783
71.0 1580
57.0 1551
72.0 2021
43.0 1452
36.0 1393
59.0 1777
34.0 1112
71.0 1820
79.0 1922
85.0 1742
35.0 1366
32.0 1367
77.0 1725
91.0 2037
91.0 1962
58.0 1817
48.0 1412
80.0 1954
38.0 1423
28.0 1261
80.0 2152
46.0 1316
73.0 1839
77.0 1969
35.0 1409
76.0 1727
87.0 1997
51.0 1638
34.0 1104
69.0 1830
77.0 1970
99.0 1930
91.0 1870
93.0 2148
296.0 2207
73.0 1844
80.0 2064
77.0 1906
80.0 1950
78.0 2060
36.0 1199
86.0 1707
74.0 1898
71.0 1755
56.0 1798
33.0 1216
72.0 1832
86.0 1872
61.0 1869
50.0 1423
69.0 1899
79.0 1983
80.0 1838
93.0 1683
39.0 1141
88.0 1741
43.0 1222
93.0 1715
92.0 1983
41.0 1414
69.0 1644
84.0 1630
97.0 2220
55.0 1449
42.0 1450
116.0 2304
67.0 1885
96.0 2168
51.0 1489
109.0 2256
83.0 1911
38.0 1128
139.0 2355
79.0 1837
86.0 1974
115.0 2190
125.0 2306
41.0 1440
85.0 1814
90.0 1819
39.0 1417
77.0 1833
119.0 1611
45.0 1457
89.0 1613
71.0 1655
76.0 1867
71.0 1959
76.0 1700
83.0 2053
42.0 1041
60.0 1571
75.0 1878
68.0 1724
69.0 1443
77.0 1957
49.0 1567
63.0 1539
76.0 1625
43.0 1522
68.0 1694
61.0 1529
66.0 1941
69.0 1622
192.0 1659
82.0 2173
92.0 2188
69.0 1840
26.0 824
90.0 2262
87.0 2094
76.0 2017
45.0 1269
73.0 1975
254.0 2044
51.0 1689
135.0 2369
103.0 2329
94.0 2045
70.0 1769
59.0 1425
65.0 1640
49.0 1631
71.0 1883
96.0 2171
86.0 1939
79.0 1796
101.0 1874
28.0 1240
69.0 1414
72.0 1743
53.0 1512
104.0 1889
79.0 1944
121.0 2295
87.0 1721
90.0 1916
53.0 1587
185.0 10000
62.0 1533
86.0 2021
80.0 2039
93.0 2073
46.0 1470
73.0 1783
109.0 2162
108.0 2375
65.0 1560
69.0 1825
72.0 1857
105.0 2223
44.0 1387
87.0 1935
49.0 1525
79.0 1966
91.0 1953
119.0 1863
80.0 1776
38.0 820
84.0 1641
65.0 1509
98.0 2074
80.0 2152
78.0 1504
273.0 2134
67.0 1719
78.0 1942
71.0 1882
66.0 1786
64.0 1925
66.0 2037
75.0 1497
90.0 1618
87.0 2118
72.0 1827
82.0 1873
88.0 1792
72.0 1588
44.0 1603
61.0 1698
219.0 2344
70.0 2155
84.0 1636
286.0 1950
127.0 2429
103.0 2010
41.0 1098
36.0 1394
139.0 2120
88.0 1964
53.0 1536
92.0 1825
116.0 2145
88.0 2073
86.0 2185
53.0 1556
65.0 1619
79.0 1591
226.0 1647
77.0 1895
75.0 1913
65.0 1842
69.0 1445
44.0 1337
101.0 1684
83.0 2091
103.0 1751
70.0 1434
82.0 1891
78.0 1952
49.0 1123
61.0 1699
85.0 1392
107.0 2105
57.0 1434
102.0 2048
103.0 2165
97.0 1854
102.0 2126
75.0 1966
93.0 1857
74.0 1694
49.0 1364
60.0 1645
135.0 1483
82.0 2002
105.0 1953
71.0 1724
83.0 1968
85.0 1605
108.0 2026
79.0 1587
81.0 1791
65.0 1641
51.0 1638
34.0 1244
72.0 1865
122.0 1765
87.0 1773
98.0 2038
77.0 2065
174.0 3231
299.0 1659
157.0 2129
43.0 1389
58.0 1402
91.0 2163
50.0 1601
83.0 1856
98.0 2088
58.0 1597
98.0 1905
121.0 1780
94.0 1988
54.0 1555
101.0 2258
91.0 2066
86.0 2043
66.0 1540
96.0 2043
96.0 1817
112.0 2113
82.0 1903
196.0 1842
85.0 1942
108.0 1917
76.0 1838
76.0 1837
112.0 2159
292.0 1590
63.0 1890
98.0 2076
59.0 1679
121.0 2088
71.0 1570
106.0 1731
72.0 1668
50.0 1298
124.0 2167
45.0 1471
88.0 1791
80.0 1527
122.0 2051
132.0 2294
57.0 1799
71.0 1526
49.0 1483
374.0 2438
72.0 1563
75.0 1868
60.0 1665
63.0 1692
127.0 2178
70.0 1801
181.0 1565
72.0 1613
84.0 2323
41.0 1201
72.0 1903
98.0 2119
152.0 2263
61.0 1564
90.0 2157
68.0 1443
80.0 1817
101.0 2316
85.0 2181
86.0 2076
110.0 2326
92.0 1974
98.0 1789
65.0 1553
139.0 2409
66.0 1736
136.0 1982
120.0 2085
66.0 1610
94.0 2062
148.0 1737
100.0 1927
87.0 1997
85.0 2017
37.0 1481
102.0 2039
77.0 1525
125.0 1879
255.0 2372
102.0 2164
41.0 1287
123.0 2344
105.0 2065
74.0 1407
176.0 1847
81.0 2309
93.0 1986
111.0 2053
111.0 2057
70.0 1701
90.0 2067
229.0 10000
219.0 10000
21.0 823
55.0 1656
77.0 1908
59.0 1706
83.0 2015
114.0 1883
45.0 1578
61.0 1695
93.0 2022
88.0 2125
111.0 1797
101.0 2205
91.0 2020
99.0 1610
81.0 1619
98.0 1796
66.0 1441
79.0 1919
58.0 1553
109.0 2275
203.0 2353
201.0 1840
60.0 1586
73.0 1603
230.0 10000
71.0 1820
97.0 1792
106.0 2275
75.0 1845
96.0 1795
100.0 2118
106.0 2072
93.0 2009
68.0 1887
107.0 2199
102.0 1946
110.0 2222
62.0 1448
88.0 1520
85.0 1823
118.0 10000
66.0 1576
102.0 2100
189.0 2166
146.0 2275
119.0 1706
111.0 1874
87.0 1908
135.0 2130
58.0 1351
75.0 1730
300.0 2493
111.0 2156
63.0 1909
151.0 2273
111.0 2216
69.0 1610
37.0 1431
155.0 2161
140.0 2407
102.0 1918
108.0 2134
118.0 1958
115.0 2127
122.0 2300
112.0 2030
132.0 2142
233.0 1889
96.0 2077
68.0 1855
84.0 1732
89.0 1983
285.0 1785
69.0 1747
58.0 1680
95.0 1937
77.0 1814
224.0 1605
96.0 1953
105.0 2254
116.0 1845
93.0 1472
96.0 1973
104.0 1972
114.0 2111
249.0 2270
220.0 1792
220.0 8543
133.0 2359
78.0 1726
187.0 1965
93.0 1915
48.0 1522
106.0 2159
139.0 1793
100.0 1645
149.0 1786
59.0 1604
254.0 10000
173.0 2527
109.0 1868
98.0 1861
86.0 1993
206.0 2153
44.0 1213
263.0 2162
108.0 1895
183.0 2693
98.0 2184
74.0 1745
72.0 1801
91.0 1761
61.0 1596
73.0 1601
112.0 1956
179.0 10000
76.0 1594
98.0 1837
72.0 1595
100.0 1629
87.0 1993
150.0 2352
176.0 2208
70.0 2024
133.0 2386
123.0 2308
120.0 2246
55.0 1272
83.0 1879
92.0 1927
129.0 2137
100.0 1870
125.0 2288
83.0 2067
93.0 1968
112.0 1911
88.0 1667
181.0 2388
95.0 2084
148.0 2120
119.0 2116
235.0 10000
60.0 1526
141.0 2280
146.0 2342
50.0 1376
98.0 1984
148.0 2203
182.0 2133
65.0 1975
79.0 1913
83.0 1902
92.0 1985
88.0 1935
107.0 2249
83.0 1928
136.0 2086
123.0 2251
191.0 1847
133.0 2191
150.0 2305
110.0 2078
74.0 1784
334.0 2575
223.0 10000
61.0 1282
79.0 1771
100.0 1842
56.0 1523
98.0 1881
63.0 1785
132.0 2062
269.0 1927
89.0 2060
94.0 2082
355.0 10000
95.0 1857
62.0 2025
47.0 1291
81.0 1734
202.0 2296
115.0 2050
312.0 2445
82.0 1745
42.0 1207
114.0 2198
167.0 1821
158.0 1893
73.0 1903
84.0 1902
138.0 2261
85.0 1680
118.0 2199
147.0 2137
248.0 10000
67.0 1668
111.0 1880
61.0 1657
96.0 1860
128.0 1705
139.0 2462
237.0 10000
127.0 2314
66.0 1860
115.0 2065
172.0 10000
142.0 2343
83.0 2021
78.0 1541
278.0 10000
100.0 2029
109.0 1891
137.0 10000
129.0 1923
82.0 1779
310.0 2650
205.0 10000
66.0 1560
135.0 1865
25.0 1039
101.0 10000
85.0 1914
111.0 2131
61.0 1835
82.0 1810
105.0 1657
139.0 2449
283.0 10000
281.0 3159
118.0 2180
155.0 2573
143.0 2221
47.0 1590
85.0 1620
250.0 2246
159.0 2428
119.0 2312
207.0 1965
90.0 2158
178.0 2135
81.0 1630
53.0 1473
52.0 1496
231.0 2225
130.0 2186
174.0 1981
118.0 2050
112.0 1841
98.0 2157
58.0 1752
131.0 1840
113.0 2456
178.0 10000
164.0 2614
195.0 2534
80.0 1569
242.0 10000
301.0 10000
90.0 1691
121.0 2282
76.0 1792
86.0 1673
54.0 1688
93.0 1869
63.0 1725
25.0 945
77.0 1923
81.0 2250
93.0 1831
138.0 2264
70.0 1783
106.0 2129
166.0 1917
128.0 2500
199.0 10000
122.0 2041
75.0 1950
46.0 1509
193.0 10000
130.0 2007
212.0 10000
105.0 1867
82.0 1663
92.0 2004
144.0 2038
73.0 1686
73.0 1607
34.0 1154
173.0 10000
102.0 1830
49.0 1294
80.0 1807
67.0 1585
202.0 2341
61.0 1677
285.0 10000
67.0 1548
101.0 1675
59.0 1646
208.0 10000
78.0 1529
86.0 1548
54.0 1138
55.0 1660
224.0 10000
88.0 1907
95.0 2049
93.0 1782
92.0 2153
178.0 2274
216.0 10000
58.0 1499
222.0 1830
136.0 2119
176.0 2159
304.0 2376
101.0 1581
83.0 1895
183.0 2688
105.0 2086
110.0 2203
119.0 2144
141.0 2156
123.0 1985
305.0 2263
207.0 2338
261.0 10000
123.0 1796
143.0 1910
88.0 2146
227.0 10000
190.0 10000
70.0 1742
100.0 2030
160.0 2091
106.0 2177
128.0 1828
128.0 1457
148.0 2249
200.0 1945
254.0 2134
93.0 2159
141.0 2104
88.0 1738
74.0 2068
84.0 1570
119.0 1877
95.0 1821
126.0 10000
184.0 2538
75.0 2078
306.0 10000
123.0 2023
131.0 2044
243.0 2224
104.0 2022
11.0 10000
136.0 2027
211.0 2584
99.0 2019
84.0 2038
62.0 1921
125.0 1979
122.0 1791
59.0 1432
162.0 1954
167.0 2133
95.0 2021
304.0 2206
200.0 2047
94.0 1861
172.0 1892
197.0 3169
150.0 6458
185.0 2116
133.0 1916
56.0 1477
254.0 10000
196.0 1717
108.0 1955
266.0 10000
15.0 810
316.0 10000
43.0 1285
30.0 986
53.0 1656
160.0 2005
147.0 2151
106.0 1966
262.0 2384
110.0 2145
149.0 2651
49.0 1437
85.0 1923
238.0 2164
111.0 2133
82.0 2178
93.0 2151
89.0 1796
85.0 1862
63.0 1713
84.0 1874
93.0 1864
92.0 1761
77.0 1989
88.0 1713
222.0 2314
240.0 2488
203.0 2359
41.0 1300
233.0 2273
74.0 1920
166.0 1768
72.0 1766
154.0 1687
64.0 1667
167.0 1821
275.0 10000
169.0 1833
242.0 1749
87.0 10000
87.0 1869
81.0 1912
131.0 2178
153.0 2201
288.0 2281
62.0 1863
230.0 2280
258.0 10000
24.0 1091
102.0 2062
56.0 1580
207.0 2299
208.0 10000
135.0 2475
119.0 2286
27.0 1293
111.0 1977
49.0 1670
126.0 2138
172.0 2584
104.0 1944
80.0 1751
135.0 2146
303.0 10000
34.0 1181
237.0 1632
182.0 10000
85.0 1770
53.0 1693
145.0 10000
270.0 10000
208.0 1447
164.0 2125
60.0 1439
173.0 10000
30.0 1016
126.0 1847
158.0 2198
117.0 2289
108.0 2057
70.0 1673
124.0 2069
85.0 2062
61.0 1679
182.0 10000
31.0 1208
78.0 1598
82.0 1660
101.0 1984
83.0 1556
90.0 1667
164.0 10000
216.0 1700
145.0 2199
149.0 10000
226.0 2336
188.0 1937
151.0 2326
162.0 2296
69.0 1787
136.0 2006
99.0 1966
137.0 10000
114.0 2195
143.0 2141
152.0 1873
193.0 2241
122.0 2055
231.0 10000
23.0 939
215.0 10000
64.0 1736
90.0 2009
82.0 1418
316.0 10000
64.0 2059
101.0 2032
85.0 2213
284.0 10000
64.0 1834
185.0 10000
178.0 2241
97.0 1765
44.0 1334
100.0 1630
229.0 10000
116.0 2157
87.0 2058
323.0 2733
102.0 1883
113.0 2089
192.0 2318
124.0 2141
237.0 10000
191.0 10000
108.0 1614
99.0 2168
92.0 1918
285.0 10000
92.0 2370
126.0 2251
139.0 10000
259.0 10000
35.0 1474
106.0 2793
122.0 2305
66.0 1906
150.0 2317
356.0 2029
129.0 1973
103.0 1955
240.0 10000
217.0 2202
75.0 1736
96.0 1913
249.0 1768
120.0 2606
104.0 2215
183.0 2266
87.0 1737
58.0 1596
93.0 2162
76.0 1791
72.0 1537
291.0 2796
108.0 1906
79.0 1982
109.0 1999
194.0 2039
86.0 1538
116.0 2187
229.0 2171
230.0 2404
62.0 1826
97.0 1901
71.0 1601
304.0 2445
62.0 1564
150.0 2390
313.0 10000
74.0 1953
127.0 1858
69.0 1824
160.0 2393
85.0 1752
125.0 2209
230.0 1892
119.0 1917
123.0 1950
86.0 1879
204.0 2385
147.0 2374
109.0 2057
217.0 10000
112.0 2056
108.0 2089
52.0 1283
192.0 10000
104.0 2226
95.0 1975
108.0 1941
79.0 2060
88.0 1647
212.0 2795
202.0 10000
0.0 10000
0.0 10000
0.0 10000
0.0 152
0.0 10000
0.0 152
0.0 152
87.0 1885
103.0 2129
59.0 1779
177.0 2367
84.0 1446
263.0 10000
148.0 10000
227.0 2307
231.0 2310
76.0 1566
91.0 1624
103.0 1916
187.0 1246
48.0 1032
42.0 1289
198.0 2551
123.0 2154
74.0 1632
111.0 2153
53.0 1603
182.0 2195
181.0 2047
81.0 1937
260.0 10000
147.0 2048
155.0 10000
66.0 1783
119.0 1956
91.0 1669
155.0 2409
131.0 2097
241.0 10000
205.0 10000
113.0 1978
155.0 1789
125.0 2046
162.0 2075
148.0 2241
102.0 1871
82.0 1706
261.0 10000
65.0 1865
106.0 2017
227.0 1804
88.0 1898
123.0 2170
179.0 10000
225.0 2126
49.0 1570
96.0 1853
257.0 10000
70.0 1257
84.0 1950
159.0 2191
104.0 2132
247.0 2655
123.0 2241
94.0 1575
68.0 1659
135.0 2276
80.0 2054
219.0 10000
80.0 1450
117.0 2056
123.0 1987
89.0 2229
135.0 2029
76.0 2050
99.0 1848
84.0 1741
118.0 2289
80.0 1230
149.0 2373
287.0 10000
47.0 1435
59.0 1593
161.0 2356
231.0 1763
155.0 2233
252.0 10000
34.0 1484
91.0 1835
185.0 10000
167.0 2280
187.0 2357
114.0 1855
124.0 2200
144.0 1694
101.0 1954
151.0 2075
235.0 2529
83.0 1701
153.0 2183
309.0 2864
204.0 2199
132.0 1763
178.0 2250
243.0 2489
174.0 2393
69.0 1332
70.0 1769
105.0 2509
343.0 10000
35.0 1204
52.0 1629
217.0 2101
144.0 2247
83.0 1669
319.0 10000
149.0 2024
210.0 2217
94.0 2037
219.0 2233
191.0 2230
105.0 2169
107.0 1755
231.0 10000
94.0 1956
299.0 10000
47.0 1144
77.0 1710
268.0 10000
54.0 1759
244.0 10000
68.0 1972
131.0 1959
110.0 2029
50.0 1574
156.0 2403
140.0 2183
219.0 2513
119.0 2090
158.0 10000
304.0 10000
32.0 1535
104.0 2272
35.0 1702
91.0 1930
203.0 10000
198.0 2506
116.0 1795
75.0 1667
193.0 2497
92.0 1761
88.0 1832
87.0 1990
115.0 2123
225.0 10000
100.0 1795
223.0 10000
232.0 2364
135.0 10000
135.0 1740
91.0 1814
88.0 1474
138.0 2426
209.0 10000
70.0 1772
202.0 10000
96.0 1815
96.0 2097
110.0 1620
295.0 10000
220.0 10000
39.0 1302
133.0 2128
87.0 1434
143.0 2374
157.0 2014
65.0 1234
231.0 2338
229.0 2639
168.0 2492
142.0 2045
137.0 2300
163.0 2441
91.0 1971
229.0 2054
88.0 1609
309.0 2122
157.0 2453
82.0 1947
149.0 2220
113.0 2105
149.0 2102
250.0 1740
113.0 1858
145.0 1873
107.0 1730
85.0 1519
237.0 1953
109.0 2379
222.0 1930
255.0 2345
176.0 2319
185.0 3561
119.0 2219
97.0 2173
67.0 1617
80.0 1778
97.0 1921
117.0 2127
115.0 2179
229.0 10000
44.0 1492
66.0 1355
205.0 1948
103.0 1992
120.0 1967
101.0 1838
146.0 2175
70.0 1471
257.0 2151
105.0 2007
106.0 1977
242.0 2225
222.0 2437
172.0 10000
91.0 1704
153.0 1977
138.0 2203
212.0 2313
55.0 1310
184.0 10000
43.0 1485
42.0 1476
112.0 2419
220.0 1982
112.0 1820
208.0 10000
194.0 2104
164.0 2539
66.0 1693
191.0 2129
186.0 10000
93.0 2027
77.0 1671
117.0 1923
214.0 1938
96.0 1761
111.0 1823
121.0 2178
144.0 2374
236.0 10000
198.0 2171
111.0 2098
199.0 2236
175.0 2265
203.0 2430
190.0 2171
94.0 2022
259.0 10000
176.0 10000
32.0 1036
120.0 2080
67.0 1725
102.0 1984
100.0 1649
292.0 10000
94.0 1951
71.0 1524
100.0 1629
169.0 10000
149.0 10000
111.0 2107
176.0 2112
184.0 2575
258.0 2599
181.0 10000
165.0 2321
122.0 1902
272.0 10000
60.0 1817
221.0 10000
25.0 1050
94.0 1856
177.0 2592
162.0 2326
92.0 2222
281.0 2292
92.0 2038
205.0 2006
235.0 2286
238.0 10000
103.0 2139
265.0 10000
96.0 2051
163.0 2339
154.0 10000
109.0 2203
104.0 2042
75.0 1693
145.0 1971
259.0 10000
84.0 2105
254.0 10000
133.0 10000
110.0 1893
101.0 2117
145.0 2458
184.0 2265
125.0 2375
262.0 10000
296.0 2249
79.0 1997
185.0 2412
92.0 1751
84.0 2024
76.0 1848
185.0 2601
109.0 1631
230.0 2258
205.0 10000
135.0 2029
81.0 1561
64.0 1658
59.0 1645
101.0 2049
147.0 2349
228.0 2533
184.0 10000
117.0 2292
265.0 2571
74.0 1769
156.0 10000
130.0 2028
62.0 1830
247.0 2492
173.0 10000
143.0 2110
87.0 1356
86.0 1996
240.0 10000
207.0 10000
27.0 1127
41.0 1526
124.0 2118
132.0 10000
85.0 2194
213.0 2317
154.0 2329
110.0 1643
103.0 1819
237.0 2156
116.0 1978
226.0 2433
286.0 2530
87.0 1695
119.0 1923
308.0 2352
311.0 10000
178.0 2029
53.0 1785
172.0 2112
102.0 1858
253.0 10000
176.0 2034
139.0 1984
174.0 10000
216.0 2449
98.0 2229
248.0 2238
247.0 2379
257.0 10000
262.0 2318
169.0 2637
108.0 2363
101.0 2137
235.0 2361
132.0 2188
17.0 630
169.0 1789
172.0 2088
213.0 1773
149.0 2421
281.0 10000
60.0 1492
142.0 2174
102.0 1791
160.0 10000
128.0 2006
113.0 2066
152.0 2256
229.0 2437
111.0 2198
169.0 2376
186.0 2215
133.0 2173
225.0 2224
94.0 1841
174.0 2306
88.0 1724
152.0 10000
114.0 1971
239.0 2430
184.0 2176
72.0 1623
128.0 10000
95.0 2191
67.0 1799
223.0 10000
72.0 1533
166.0 1915
164.0 1620
375.0 2661
118.0 1794
202.0 10000
125.0 2374
57.0 1478
181.0 2321
76.0 1767
166.0 2055
193.0 1861
341.0 10000
131.0 2080
178.0 2426
191.0 2220
127.0 2114
130.0 2050
265.0 10000
58.0 1170
39.0 1401
126.0 2377
94.0 1745
62.0 1598
255.0 2608
103.0 1642
127.0 1776
88.0 1816
121.0 2148
152.0 10000
211.0 2330
264.0 10000
57.0 1364
179.0 2416
177.0 10000
120.0 2327
134.0 1891
111.0 2218
86.0 1702
269.0 10000
78.0 2139
74.0 1649
105.0 1809
68.0 1556
127.0 2288
93.0 1768
212.0 2162
95.0 1845
178.0 2028
116.0 2199
248.0 10000
44.0 1323
118.0 2055
53.0 1603
126.0 2297
274.0 10000
54.0 1466
29.0 1175
271.0 2225
138.0 1934
107.0 1790
144.0 2486
253.0 2311
195.0 1971
225.0 2078
86.0 1959
77.0 1620
204.0 2004
182.0 2225
105.0 1804
241.0 2069
135.0 2015
225.0 10000
78.0 1759
94.0 1881
74.0 1520
79.0 2095
101.0 1769
198.0 1642
165.0 2456
147.0 10000
285.0 10000
48.0 1308
140.0 2293
91.0 1872
90.0 1911
199.0 2181
41.0 10000
154.0 1989
214.0 2381
172.0 2322
119.0 2088
281.0 2187
182.0 1879
97.0 1805
105.0 2157
184.0 2308
105.0 1911
133.0 2429
124.0 1945
124.0 2332
132.0 2030
139.0 1952
125.0 2170
82.0 2072
195.0 2011
169.0 2233
225.0 5987
257.0 2334
225.0 2423
275.0 2037
233.0 2330
102.0 2033
85.0 1801
235.0 10000
149.0 2262
58.0 1569
53.0 1567
235.0 10000
240.0 2031
185.0 1694
232.0 1939
125.0 1802
196.0 2099
65.0 1838
186.0 2001
228.0 2264
293.0 2028
104.0 1896
201.0 1798
289.0 10000
51.0 1722
100.0 1744
89.0 1846
164.0 2150
173.0 2119
118.0 1996
192.0 2498
237.0 2525
208.0 1952
120.0 2027
220.0 2262
166.0 1837
72.0 1655
52.0 1448
160.0 2492
126.0 1767
187.0 2150
253.0 2508
199.0 10000
91.0 1897
140.0 1917
171.0 2261
271.0 2653
187.0 2467
150.0 1682
151.0 1784
177.0 2312
147.0 2386
115.0 2061
135.0 2057
189.0 2397
154.0 2083
199.0 2362
68.0 1746
182.0 2006
241.0 2338
268.0 2342
165.0 1953
192.0 2394
93.0 2072
201.0 1778
238.0 2214
200.0 2465
71.0 1776
202.0 2098
230.0 2180
363.0 2518
253.0 1630
169.0 1912
224.0 2012
156.0 1804
205.0 2553
169.0 1969
150.0 2290
129.0 1812
98.0 1799
273.0 4025
110.0 2022
249.0 1745
108.0 2244
229.0 2142
220.0 2687
376.0 2498
222.0 2763
249.0 2242
119.0 10000
290.0 2397
106.0 2100
253.0 2185
177.0 2231
158.0 2161
243.0 10000
198.0 2155
107.0 1970
236.0 2433
202.0 2056
82.0 1726
238.0 2563
327.0 10000
37.0 1184
77.0 1757
28.0 1156
270.0 2579
269.0 10000
82.0 2104
139.0 1985
277.0 10000
86.0 2026
201.0 2265
43.0 1496
206.0 10000
286.0 10000
93.0 1696
66.0 1678
51.0 1558
149.0 2256
90.0 1799
199.0 10000
107.0 2291
71.0 1783
114.0 1828
253.0 2707
92.0 1898
208.0 2173
68.0 1480
311.0 2370
30.0 1211
178.0 2550
262.0 2064
159.0 1994
76.0 1669
145.0 2133
75.0 1806
286.0 2923
212.0 10000
91.0 1725
134.0 2041
221.0 10000
109.0 1941
48.0 10000
154.0 2065
209.0 2000
167.0 2565
123.0 1909
177.0 10000
66.0 1676
41.0 1558
159.0 2170
136.0 2145
90.0 1735
246.0 1810
88.0 1904
77.0 1754
114.0 2264
56.0 1808
295.0 10000
169.0 2107
45.0 1265
297.0 10000
8.0 593
7.0 485
90.0 2200
72.0 1706
83.0 1717
118.0 2290
149.0 2400
242.0 2416
109.0 2282
137.0 3823
147.0 2100
166.0 1961
205.0 2411
193.0 1832
133.0 1943
150.0 2449
106.0 1813
196.0 2455
186.0 2613
163.0 2341
140.0 2228
90.0 1946
106.0 2046
143.0 2240
139.0 2155
81.0 1867
214.0 2285
253.0 10000
32.0 1330
131.0 1753
77.0 1489
157.0 2302
164.0 2291
106.0 2023
125.0 2402
142.0 2189
218.0 10000
100.0 1945
142.0 1831
90.0 1618
223.0 10000
139.0 1620
151.0 1384
75.0 1769
71.0 1664
100.0 2030
161.0 2311
170.0 2131
74.0 1761
196.0 10000
281.0 6034
74.0 1992
102.0 1874
100.0 1935
212.0 10000
177.0 2051
69.0 1832
128.0 2123
103.0 2268
183.0 1911
223.0 2519
211.0 2097
227.0 1982
276.0 10000
95.0 1847
149.0 2467
165.0 2332
92.0 1849
151.0 1816
55.0 1332
254.0 10000
53.0 1467
176.0 2404
112.0 1948
128.0 2135
118.0 2201
250.0 10000
137.0 1834
108.0 1920
233.0 10000
88.0 1814
42.0 1623
202.0 10000
38.0 1244
257.0 2159
295.0 2451
208.0 2293
152.0 2485
226.0 10000
198.0 10000
190.0 1829
139.0 1990
46.0 1484
97.0 1669
239.0 2552
242.0 2688
191.0 2298
135.0 2024
198.0 10000
146.0 2073
59.0 1541
37.0 1107
214.0 10000
79.0 1754
34.0 1290
175.0 2422
69.0 1760
236.0 10000
79.0 1521
72.0 1766
68.0 1760
112.0 1953
104.0 2045
71.0 6560
262.0 2851
125.0 1631
293.0 10000
82.0 1807
267.0 2091
326.0 2509
304.0 2497
256.0 2075
89.0 2100
261.0 2460
222.0 2989
186.0 2257
298.0 2330
109.0 1690
305.0 2072
77.0 2037
173.0 2182
195.0 2132
140.0 2470
347.0 10000
30.0 1134
105.0 2026
251.0 2220
262.0 10000
69.0 1766
230.0 1501
280.0 2045
115.0 2140
205.0 2531
191.0 10000
112.0 10000
38.0 1445
88.0 2014
289.0 10000
108.0 1910
214.0 2269
100.0 1790
290.0 10000
26.0 829
59.0 1548
73.0 10000
19.0 1058
55.0 1875
96.0 1918
255.0 2005
261.0 10000
79.0 1785
132.0 2484
114.0 2155
265.0 2213
61.0 1626
101.0 1688
155.0 2249
